"Date","AGUASCALIENTES","CIUDAD DE MÉXICO","COLIMA","GUANAJUATO","GUERRERO","HIDALGO","JALISCO","MÉXICO","MICHOACÁN DE OCAMPO","MORELOS","NAYARIT","NUEVO LEÓN","PUEBLA","QUERÉTARO","SAN LUIS POTOSÍ","TAMAULIPAS","TLAXCALA","ZACATECAS","dTotal","aTotal","lag_1_Confirmed","lag_2_Confirmed","lag_3_Confirmed"
2020-04-19,7,416,0,13,15,18,11,165,14,21,2,11,30,5,2,11,9,6,836,13186,927,855,744
2020-04-20,19,722,1,15,22,29,20,214,41,34,2,11,42,6,9,34,22,5,1355,14541,836,927,855
2020-04-21,6,415,1,13,16,23,20,188,16,18,1,8,43,5,8,26,20,2,859,15400,1355,836,927
2020-04-22,12,434,0,12,18,18,17,169,23,35,4,15,24,8,2,24,8,4,948,16348,859,1355,836
2020-04-23,18,457,2,10,21,24,23,180,26,25,7,12,35,5,3,31,10,2,951,17299,948,859,1355
2020-04-24,12,570,1,20,35,26,21,174,28,47,12,12,51,4,6,26,16,3,1120,18419,951,948,859
2020-04-25,11,566,1,14,32,21,15,202,23,39,7,20,37,9,16,49,15,2,1148,19567,1120,951,948
2020-04-26,12,486,0,21,20,29,18,208,36,31,11,23,40,11,11,37,16,4,1047,20614,1148,1120,951
2020-04-27,31,648,3,17,22,30,22,200,24,37,7,33,53,9,22,50,20,16,1225,21839,1047,1148,1120
2020-04-28,12,575,0,10,27,27,18,232,21,39,7,14,29,6,19,31,8,7,1150,22989,1225,1047,1148
2020-04-29,17,460,2,7,36,29,19,187,19,50,15,15,38,10,8,28,16,8,1015,24004,1150,1225,1047
2020-04-30,24,706,2,21,34,30,31,225,31,42,19,23,35,7,17,29,26,4,1396,25400,1015,1150,1225
2020-05-01,10,1077,2,33,45,37,25,282,48,47,19,38,52,16,23,50,19,5,1951,27351,1396,1015,1150
2020-05-02,19,625,2,38,30,27,36,210,28,30,17,17,40,10,17,26,17,7,1318,28669,1951,1396,1015
2020-05-03,12,651,1,28,40,32,28,200,58,35,10,17,42,15,21,20,19,1,1297,29966,1318,1951,1396
2020-05-04,23,890,2,32,46,40,47,213,48,43,18,29,66,17,30,37,24,8,1639,31605,1297,1318,1951
2020-05-05,24,839,0,35,34,31,34,232,52,40,5,75,62,30,28,47,16,9,1579,33184,1639,1297,1318
2020-05-06,9,764,3,30,34,33,23,227,40,36,13,23,71,19,21,32,39,8,1438,34622,1579,1639,1297
2020-05-07,20,824,4,44,35,29,29,269,47,37,8,29,71,37,28,33,37,4,1585,36207,1438,1579,1639
2020-05-08,8,932,6,38,48,59,19,309,63,63,15,45,84,37,30,22,34,6,1860,38067,1585,1438,1579
2020-05-09,8,796,3,40,57,47,37,277,42,38,16,33,79,26,23,35,24,3,1616,39683,1860,1585,1438
2020-05-10,20,1152,2,29,62,64,42,348,77,44,21,39,88,44,34,33,42,11,2190,41873,1616,1860,1585
2020-05-11,32,983,7,47,61,61,49,332,70,38,14,46,119,46,22,43,36,3,1995,43868,2190,1616,1860
2020-05-12,14,877,9,50,68,45,39,252,63,33,15,46,128,47,17,49,28,10,1757,45625,1995,2190,1616
2020-05-13,21,808,6,32,73,60,47,267,63,27,8,60,117,26,24,34,21,4,1709,47334,1757,1995,2190
2020-05-14,20,754,4,35,85,71,50,260,83,21,14,34,112,31,34,59,40,11,1674,49008,1709,1757,1995
2020-05-15,21,1191,5,70,138,66,48,398,108,38,19,54,124,48,32,85,35,5,2487,51495,1674,1709,1757
2020-05-16,16,907,8,53,108,47,33,277,67,47,20,29,91,51,20,57,30,2,1913,53408,2487,1674,1709
2020-05-17,17,820,5,63,98,58,70,287,56,44,18,32,122,29,29,51,38,6,1848,55256,1913,2487,1674
2020-05-18,22,1270,9,69,150,88,67,368,85,42,21,53,168,37,34,93,48,13,2619,57875,1848,1913,2487
2020-05-19,22,811,4,49,111,81,80,371,64,36,22,58,121,41,38,61,50,10,1992,59867,2619,1848,1913
2020-05-20,37,1396,13,60,117,70,66,430,104,46,16,44,191,44,47,93,52,9,2771,62638,1992,2619,1848
2020-05-21,33,728,5,30,91,52,72,268,77,37,14,36,118,39,32,70,29,3,1753,64391,2771,1992,2619
2020-05-22,32,983,8,85,97,81,84,417,95,42,16,55,159,38,44,80,47,17,2312,66703,1753,2771,1992
2020-05-23,22,806,6,104,114,81,89,375,62,46,24,67,153,38,55,67,32,5,2139,68842,2312,1753,2771
2020-05-24,30,742,3,114,87,53,129,385,102,45,29,54,124,38,46,54,28,6,2071,70913,2139,2312,1753
2020-05-25,45,1251,7,154,100,109,170,574,150,40,36,90,188,53,42,107,49,15,3071,73984,2071,2139,2312
2020-05-26,47,851,3,106,112,61,128,453,107,30,28,78,146,39,30,81,27,5,2306,76290,3071,2071,2139
2020-05-27,32,820,5,131,104,54,134,423,104,33,18,60,144,22,40,97,36,12,2208,78498,2306,3071,2071
2020-05-28,43,960,12,119,101,55,155,441,139,39,28,47,194,33,42,84,35,8,2526,81024,2208,2306,3071
2020-05-29,35,880,5,161,104,66,164,485,116,57,24,60,153,39,57,74,48,6,2538,83562,2526,2208,2306
2020-05-30,40,859,9,164,100,68,159,426,100,49,26,59,161,41,48,87,31,8,2357,85919,2538,2526,2208
2020-05-31,42,802,13,158,92,60,143,439,108,56,41,61,143,29,51,69,43,19,2333,88252,2357,2538,2526
2020-06-01,81,1526,19,199,146,78,293,707,181,58,36,130,349,61,81,155,72,21,3900,92152,2333,2357,2538
2020-06-02,58,857,11,156,111,68,188,464,132,21,29,87,172,53,58,96,43,14,2465,94617,3900,2333,2357
2020-06-03,36,809,9,160,104,62,159,430,152,23,25,105,175,37,84,79,59,14,2382,96999,2465,3900,2333
2020-06-04,35,869,9,152,81,66,161,488,143,39,30,127,190,18,61,99,33,19,2490,99489,2382,2465,3900
2020-06-05,62,1043,11,180,106,84,190,547,130,59,29,172,238,37,84,117,40,17,2934,102423,2490,2382,2465
2020-06-06,60,853,11,206,113,73,167,571,166,33,37,132,223,33,82,112,49,21,2814,105237,2934,2490,2382
2020-06-07,48,662,17,141,89,64,206,482,135,52,27,110,184,33,74,99,43,28,2385,107622,2814,2934,2490
2020-06-08,72,881,16,200,119,74,222,500,142,56,38,253,266,36,88,174,36,17,2833,110455,2385,2814,2934
2020-06-09,50,681,14,187,129,70,188,396,131,30,37,170,204,29,96,154,29,26,2380,112835,2833,2385,2814
2020-06-10,61,1059,9,217,146,99,184,543,154,33,38,204,405,31,62,173,66,32,3057,115892,2380,2833,2385
2020-06-11,39,681,12,154,98,60,163,351,110,43,34,169,235,36,61,132,38,16,2161,118053,3057,2380,2833
2020-06-12,45,742,15,239,105,49,127,357,158,47,33,179,286,33,63,223,29,13,2322,120375,2161,3057,2380
2020-06-13,41,574,13,219,83,58,121,310,106,50,30,126,209,38,76,151,34,26,2042,122417,2322,2161,3057
2020-06-14,56,488,18,294,73,47,129,308,127,36,33,92,190,36,72,147,30,28,1978,124395,2042,2322,2161
2020-06-15,72,781,18,277,71,74,139,371,140,42,50,129,345,31,80,187,43,32,2437,126832,1978,2042,2322
